3 0.360000 0.753615 0.056667 0.150167
3 0.423333 0.715239 0.043333 0.117909
3 0.334583 0.924917 0.054167 0.147942
3 0.247083 0.838710 0.055833 0.166852
3 0.162500 0.888209 0.048333 0.167964
3 0.083333 0.834816 0.045000 0.141268
3 0.145000 0.754727 0.038333 0.132369
3 0.109167 0.704116 0.041667 0.120133
3 0.212083 0.651835 0.034167 0.100111
3 0.171667 0.662959 0.036667 0.109010
3 0.136250 0.638487 0.035833 0.104561
3 0.247500 0.585095 0.030000 0.091212
3 0.272500 0.614016 0.030000 0.102336
3 0.258750 0.693548 0.035833 0.087875
3 0.319167 0.662959 0.031667 0.097887
3 0.339167 0.607898 0.038333 0.087875
3 0.420000 0.625695 0.036667 0.074527
3 0.710000 0.589544 0.026667 0.095662
3 0.734167 0.634038 0.026667 0.109010
3 0.641667 0.544494 0.031667 0.078977
3 0.391250 0.497775 0.024167 0.074527
3 0.334583 0.486652 0.024167 0.072303
3 0.311667 0.494438 0.025000 0.072303
3 0.294583 0.544494 0.020833 0.074527
3 0.259167 0.494994 0.033333 0.073415
3 0.208333 0.508899 0.031667 0.067853
3 0.105000 0.558954 0.023333 0.074527
0 0.557500 0.812013 0.140000 0.169077
0 0.773750 0.909344 0.145833 0.176863
0 0.797083 0.689655 0.120833 0.140156
0 0.560000 0.686318 0.118333 0.153504
0 0.585000 0.612347 0.126667 0.176863
0 0.514167 0.593437 0.070000 0.094549
0 0.574167 0.491657 0.075000 0.082314
0 0.488750 0.487208 0.060833 0.068966
0 0.487500 0.435484 0.055000 0.058954
0 0.523333 0.422692 0.051667 0.068966
0 0.465000 0.409900 0.043333 0.054505
1 0.326667 0.296440 0.043333 0.056730
3 0.591250 0.406007 0.029167 0.057842
3 0.352083 0.426029 0.022500 0.046719
