0 0.670833 0.608000 0.221667 0.282667
0 0.848333 0.528000 0.226667 0.224000
0 0.495833 0.362667 0.091667 0.144000
0 0.473333 0.266667 0.053333 0.069333
0 0.414167 0.226667 0.038333 0.048000
3 0.225833 0.761333 0.088333 0.301333
3 0.372500 0.645333 0.065000 0.229333
3 0.463333 0.588000 0.066667 0.226667
3 0.338333 0.504000 0.040000 0.170667
3 0.190833 0.525333 0.058333 0.192000
3 0.299167 0.388000 0.035000 0.109333
3 0.280000 0.308000 0.033333 0.082667
3 0.245000 0.274667 0.023333 0.074667
3 0.641667 0.289333 0.040000 0.093333
3 0.546667 0.246667 0.023333 0.066667
3 0.366667 0.258667 0.020000 0.053333
3 0.384167 0.233333 0.018333 0.050667
