0 0.349444 0.735642 0.143333 0.184122
1 0.763889 0.380912 0.074444 0.180743
2 0.578333 0.420608 0.094444 0.179054
3 0.613333 0.593750 0.042222 0.133446
3 0.740556 0.623311 0.045556 0.128378
3 0.719444 0.521959 0.032222 0.101351
3 0.782778 0.456081 0.021111 0.084459
3 0.753889 0.452703 0.025556 0.074324
3 0.685000 0.482264 0.025556 0.092905
3 0.632222 0.472128 0.033333 0.103041
3 0.710556 0.396959 0.016667 0.074324
3 0.362778 0.555743 0.032222 0.111486
3 0.525000 0.307432 0.014444 0.054054
3 0.543333 0.298986 0.013333 0.050676
0 0.486111 0.591216 0.114444 0.145270
0 0.271111 0.593750 0.117778 0.140203
0 0.266667 0.494088 0.122222 0.113176
0 0.347778 0.460304 0.064444 0.099662
0 0.423333 0.446791 0.093333 0.119932
0 0.692222 0.255068 0.022222 0.054054
2 0.108333 0.636824 0.205556 0.287162
2 0.455556 0.382601 0.082222 0.119932
2 0.601111 0.282095 0.057778 0.111486
2 0.657222 0.250845 0.050000 0.099662
2 0.767222 0.219595 0.036667 0.077703
