3 0.098009 0.105102 0.143951 0.206122
3 0.263400 0.164286 0.116386 0.263265
3 0.127871 0.328571 0.105666 0.310204
3 0.381317 0.304082 0.094946 0.289796
3 0.693721 0.201020 0.104135 0.287755
3 0.504594 0.495918 0.127106 0.375510
3 0.344564 0.587755 0.107198 0.416327
3 0.486217 0.787755 0.145482 0.400000
3 0.658499 0.515306 0.113323 0.381633
3 0.888974 0.511224 0.136294 0.402041
3 0.799387 0.327551 0.085758 0.316327
3 0.754977 0.661224 0.116386 0.444898
3 0.788668 0.809184 0.134763 0.357143
3 0.916539 0.246939 0.084227 0.297959
3 0.873660 0.112245 0.081164 0.191837
3 0.647014 0.107143 0.075038 0.197959
