3 0.170052 0.609766 0.119271 0.413281
3 0.312760 0.564453 0.098437 0.341406
3 0.389583 0.475391 0.034375 0.122656
0 0.662760 0.459375 0.098437 0.112500
0 0.905469 0.503906 0.151562 0.175000
0 0.559115 0.454688 0.058854 0.076563
0 0.479167 0.437109 0.036458 0.047656
0 0.507031 0.432422 0.026562 0.046094
0 0.417708 0.427344 0.021875 0.032813
0 0.236719 0.464062 0.053646 0.078125
0 0.033854 0.505469 0.066667 0.195312
0 0.075521 0.498047 0.079167 0.146094
0 0.106771 0.474219 0.097917 0.156250
0 0.238281 0.462109 0.058854 0.077344
2 0.446615 0.419922 0.031771 0.069531
