0 0.417917 0.671111 0.112500 0.183704
1 0.812917 0.377778 0.070833 0.136296
2 0.667500 0.800741 0.111667 0.330370
3 0.149583 0.237037 0.014167 0.047407
0 0.545417 0.680741 0.082500 0.155556
0 0.524167 0.882963 0.125000 0.210370
0 0.788333 0.652593 0.096667 0.161481
0 0.849583 0.895556 0.135833 0.202963
0 0.952083 0.624444 0.090833 0.128889
0 0.679167 0.540000 0.071667 0.111111
0 0.587083 0.537037 0.069167 0.120000
0 0.673750 0.620000 0.079167 0.084444
0 0.767500 0.531852 0.068333 0.091852
0 0.837917 0.507407 0.069167 0.099259
0 0.750833 0.459259 0.050000 0.082963
0 0.598750 0.469630 0.054167 0.082963
0 0.660000 0.460741 0.056667 0.094815
0 0.726667 0.405185 0.050000 0.081481
0 0.592500 0.265926 0.033333 0.063704
0 0.607083 0.221481 0.020833 0.040000
0 0.679583 0.302222 0.027500 0.044444
0 0.748333 0.314074 0.038333 0.053333
0 0.637500 0.220000 0.018333 0.025185
0 0.646667 0.299259 0.036667 0.074074
2 0.637083 0.388889 0.059167 0.137778
2 0.450000 0.139259 0.021667 0.032593
2 0.617083 0.141481 0.020833 0.042963
1 0.656250 0.144444 0.017500 0.034074
1 0.732083 0.270370 0.054167 0.090370
1 0.734167 0.241481 0.068333 0.091852
1 0.046667 0.283704 0.091667 0.108148
0 0.367917 0.174815 0.024167 0.029630
0 0.395000 0.174074 0.018333 0.031111
0 0.443750 0.157778 0.014167 0.019259
0 0.490417 0.135556 0.009167 0.013333
3 0.165000 0.241481 0.016667 0.041481
3 0.200000 0.236296 0.010000 0.034074
3 0.244167 0.218519 0.010000 0.037037
3 0.262500 0.210370 0.008333 0.029630
3 0.273750 0.211852 0.009167 0.026667
3 0.347917 0.174815 0.009167 0.026667
3 0.887083 0.444444 0.017500 0.074074
3 0.961250 0.504444 0.024167 0.093333
3 0.865417 0.376296 0.012500 0.059259
3 0.849167 0.386667 0.013333 0.068148
3 0.809167 0.266667 0.010000 0.041481
