0 0.040000 0.712349 0.076000 0.250000
0 0.348000 0.775602 0.200000 0.256024
0 0.374000 0.599398 0.176000 0.216867
0 0.122000 0.484940 0.176000 0.259036
0 0.233000 0.378012 0.130000 0.159639
0 0.467000 0.381024 0.142000 0.171687
0 0.747000 0.852410 0.238000 0.283133
0 0.673000 0.659639 0.198000 0.246988
0 0.693000 0.522590 0.154000 0.195783
0 0.846000 0.242470 0.104000 0.141566
0 0.550000 0.292169 0.128000 0.156627
0 0.394000 0.237952 0.116000 0.162651
0 0.435000 0.186747 0.094000 0.138554
0 0.506000 0.146084 0.088000 0.129518
0 0.618000 0.197289 0.108000 0.141566
0 0.701000 0.173193 0.094000 0.129518
0 0.764000 0.099398 0.096000 0.108434
0 0.888000 0.177711 0.112000 0.132530
0 0.964000 0.099398 0.072000 0.108434
