2 0.253571 0.586310 0.121429 0.255952
2 0.041071 0.568452 0.075000 0.315476
2 0.333929 0.270833 0.075000 0.160714
2 0.441071 0.193452 0.075000 0.148810
2 0.516071 0.160714 0.075000 0.154762
2 0.617857 0.482143 0.114286 0.273810
2 0.621429 0.345238 0.092857 0.226190
2 0.633929 0.226190 0.075000 0.142857
2 0.755357 0.151786 0.053571 0.113095
2 0.762500 0.273810 0.067857 0.119048
0 0.801786 0.571429 0.103571 0.202381
0 0.808929 0.803571 0.146429 0.238095
0 0.575000 0.806548 0.135714 0.220238
0 0.642857 0.592262 0.121429 0.196429
0 0.878571 0.366071 0.092857 0.148810
